[micromesh.jpg]
filters=crop64=1,2dd8ffff851a;
crop=rect64(2dd8ffff851a)
moddate=cd02a60c1fd7cf01
width=1000
height=1329
textactive=0
[drifit 2.jpg]
filters=crop64=1,5d5afffff6da;
crop=rect64(5d5afffff6da)
moddate=5e4c97221fd7cf01
width=700
height=532
textactive=0
[DRIFIT.jpg]
moddate=f24e6d0c20d7cf01
width=700
height=319
text=1;141;6;DRIFIT;Bernard MT Condensed;0.798807,0.805405,0.166667,0.000000;v1,4281079049,4278190080,128.000000,1.000000,0.000000,1.000000,400,0,49152;;
textactive=1
[MICRO SHINY.jpg]
moddate=7f0c044a20d7cf01
width=1000
height=453
text=1;147;11;MICRO SHINY;Bernard MT Condensed;0.409804,0.439717,0.083333,0.000000;v1,4281079049,4278190080,128.000000,1.000000,0.000000,1.000000,400,0,49152;;
textactive=1
[RIBSTOP.jpg]
moddate=eb9d1c4a20d7cf01
width=1483
height=1491
text=2;142;7;RIBSTOP;Bernard MT Condensed;0.399267,0.294170,0.055556,0.000000;v1,4281079049,4278190080,128.000000,1.000000,0.000000,1.000000,400,0,49152;;142;7;RIBSTOP;Bernard MT Condensed;0.408694,0.651113,0.055556,0.000000;v1,4281079049,4278190080,128.000000,1.000000,0.000000,1.000000,400,0,49152;;
textactive=1
